20 1.4113e+05
21 2.5605e+05
22 4.157e+05
23 6.19e+05
24 8.5616e+05
25 1.1104e+06
26 1.3901e+06
27 1.6709e+06
28 1.949e+06
29 2.2136e+06
30 2.4491e+06
31 2.6691e+06
32 2.8676e+06
33 3.0397e+06
34 3.1856e+06
35 3.3045e+06
36 3.4017e+06
37 3.4764e+06
38 3.5338e+06
39 3.5677e+06
40 3.5916e+06
41 3.5973e+06
42 3.5913e+06
43 3.5732e+06
44 3.5485e+06
45 3.5126e+06
46 3.4725e+06
47 3.4261e+06
48 3.3719e+06
49 3.3175e+06
50 3.257e+06
51 3.1943e+06
52 3.128e+06
53 3.0638e+06
54 2.9959e+06
55 2.9273e+06
56 2.8571e+06
57 2.7879e+06
58 1.2209e+07
59 2.6507e+06
60 2.5813e+06
61 2.5123e+06
62 2.4454e+06
63 2.3772e+06
64 2.3132e+06
65 2.2457e+06
66 2.1825e+06
67 7.7728e+06
68 2.0558e+06
69 3.4767e+06
70 1.8318e+06
71 1.7793e+06
72 1.7277e+06
73 1.6774e+06
74 1.6267e+06
75 1.5776e+06
76 1.5271e+06
77 1.4791e+06
78 1.4316e+06
79 1.3839e+06
80 1.3369e+06
81 1.2904e+06
82 1.2459e+06
83 1.2008e+06
84 1.1559e+06
85 1.1118e+06
86 1.0692e+06
87 1.0264e+06
88 9.847e+05
89 9.4229e+05
90 9.0153e+05
91 8.6023e+05
92 8.2016e+05
93 7.7978e+05
94 7.3963e+05
95 7.007e+05
96 6.6083e+05
97 6.2202e+05
98 5.822e+05
99 5.4359e+05
100 5.0423e+05
101 4.653e+05
102 4.2549e+05
103 3.8593e+05
104 3.4426e+05
105 3.01e+05
106 2.5887e+05
107 2.1674e+05
108 1.6731e+05
109 82260
110 0
