500   0.000000
1500   0.000000
2500   0.000000
3500   0.000000
4500   0.000000
5500   0.000000
6500   0.000000
7500   0.000000
8500   0.000000
9500   0.000000
10500   0.000000
11500   0.000000
12500   0.000000
13500   0.000000
14500   0.000000
15500   0.000000
16500   0.000000
17500   0.000000
18500   0.000000
19500   0.000000
20500   0.000000
21500   0.000001
22500   0.000003
23500   0.000009
24500   0.000023
25500   0.000053
26500   0.000111
27500   0.000210
28500   0.000368
29500   0.000601
30500   0.000925
31500   0.001350
32500   0.001883
33500   0.002526
34500   0.003275
35500   0.004119
36500   0.005046
37500   0.006040
38500   0.007083
39500   0.008156
40500   0.009242
41500   0.010323
42500   0.011384
43500   0.012413
44500   0.013398
45500   0.014329
46500   0.015200
47500   0.016003
48500   0.016736
49500   0.017396
50500   0.017980
51500   0.018489
52500   0.018924
53500   0.019287
54500   0.019580
55500   0.019806
56500   0.019968
57500   0.032120
58500   0.039235
59500   0.057716
60500   0.022202
61500   0.022871
62500   0.019817
63500   0.019640
64500   0.019429
65500   0.019187
66500   0.024404
67500   0.031728
68500   0.020836
69500   0.022335
70500   0.015249
71500   0.015240
72500   0.014699
73500   0.014459
74500   0.014199
75500   0.013921
76500   0.013626
77500   0.013317
78500   0.012994
79500   0.012659
80500   0.012313
81500   0.011958
82500   0.011594
83500   0.011222
84500   0.010844
85500   0.010461
86500   0.010072
87500   0.009679
88500   0.009283
89500   0.008883
90500   0.008480
91500   0.008075
92500   0.007668
93500   0.007258
94500   0.006847
95500   0.006433
96500   0.006017
97500   0.005599
98500   0.005178
99500   0.004754
100500   0.004327
101500   0.003896
102500   0.003462
103500   0.003022
104500   0.002577
105500   0.002126
106500   0.001668
107500   0.001202
108500   0.000728
109500   0.000245
110000   0.000000
